   0.000000000000000       -14.026499425915462
  10.000000000000000       -14.026507890781359
  20.000000000000000       -14.026557038223425
  30.000000000000000       -14.026766117834907
  40.000000000000000       -14.027294045579749
  50.000000000000000       -14.028251652934664
  60.000000000000000       -14.029691376388392
  70.000000000000000       -14.031627576299055
  80.000000000000000       -14.034053919349287
  90.000000000000000       -14.036953817379136
 100.000000000000000       -14.040306229636768
 110.000000000000000       -14.044088702321606
 120.000000000000000       -14.048278972277279
 130.000000000000000       -14.052855757055376
 140.000000000000000       -14.057799085831830
 150.000000000000000       -14.063090429106410
 160.000000000000000       -14.068712681059949
 170.000000000000000       -14.074650074009739
 180.000000000000000       -14.080888127911301
 190.000000000000000       -14.087413495859582
 200.000000000000000       -14.094213889117070
 210.000000000000000       -14.101277961523135
 220.000000000000000       -14.108595225868413
 230.000000000000000       -14.116155960042454
 240.000000000000000       -14.123951155977620
 250.000000000000000       -14.131972434956014
 260.000000000000000       -14.140211949225446
 270.000000000000000       -14.148662418247470
 280.000000000000000       -14.157317009843828
 290.000000000000000       -14.166169350066800
 300.000000000000000       -14.175213421501661
 310.000000000000000       -14.184443556781433
 320.000000000000000       -14.193854430186656
 330.000000000000000       -14.203441069098407
 340.000000000000000       -14.213198627429263
 350.000000000000000       -14.223122749224643
 360.000000000000000       -14.233209034326322
 370.000000000000000       -14.243453518578649
 380.000000000000000       -14.253852389376977
 390.000000000000000       -14.264401884695257
 400.000000000000000       -14.275098799825244
 410.000000000000000       -14.285939448628168
 420.000000000000000       -14.296920727083172
 430.000000000000000       -14.308039839156050
 440.000000000000000       -14.319293988777357
 450.000000000000000       -14.330679123620758
 460.000000000000000       -14.342196324476921
 470.000000000000000       -14.353836263230686
 480.000000000000000       -14.365631012209590
 490.000000000000000       -14.377579839615438
 500.000000000000000       -14.389507053851467
 510.000000000000000       -14.401619292456289
 520.000000000000000       -14.413867473098184
 530.000000000000000       -14.426222257110483
 540.000000000000000       -14.438688795212762
 550.000000000000000       -14.451264127141975
 560.000000000000000       -14.463948829139312
 570.000000000000000       -14.476737759085792
 580.000000000000000       -14.489631140478577
 590.000000000000000       -14.502628733306269
 600.000000000000000       -14.515725085698929
 610.000000000000000       -14.528924340685638
 620.000000000000000       -14.542219840150073
 630.000000000000000       -14.555612297577797
 640.000000000000000       -14.569099949791971
 650.000000000000000       -14.582680861889711
 660.000000000000000       -14.596355434645195
 670.000000000000000       -14.610120782723911
 680.000000000000000       -14.623975487897194
 690.000000000000000       -14.637919729742974
 700.000000000000000       -14.651951554228830
 710.000000000000000       -14.666069591515255
 720.000000000000000       -14.680273224868840
 730.000000000000000       -14.694561220117119
 740.000000000000000       -14.708932345650005
 750.000000000000000       -14.723385737052256
 760.000000000000000       -14.737920212441136
 770.000000000000000       -14.752535042286462
 780.000000000000000       -14.767229012939001
 790.000000000000000       -14.782001354290859
 800.000000000000000       -14.796851156970586
 810.000000000000000       -14.811777448731236
 820.000000000000000       -14.826779537666532
 830.000000000000000       -14.841856353605776
 840.000000000000000       -14.857007177973131
 850.000000000000000       -14.872231283387260
 860.000000000000000       -14.887527764599540
 870.000000000000000       -14.902895974221813
 880.000000000000000       -14.918335020764669
 890.000000000000000       -14.933844266368496
 900.000000000000000       -14.949422958905181
 910.000000000000000       -14.965070376837762
 920.000000000000000       -14.980785941091566
 930.000000000000000       -14.996568846961337
 940.000000000000000       -15.012418491968146
 950.000000000000000       -15.028334219371384
 960.000000000000000       -15.044315431664671
 970.000000000000000       -15.060361449174941
 980.000000000000000       -15.076471725407812
 990.000000000000000       -15.092645647965751
1000.000000000000000       -15.108882687658944
1010.000000000000000       -15.125182167200260
1020.000000000000000       -15.141543586368616
1030.000000000000000       -15.157966413811867
1040.000000000000000       -15.174450121430439
1050.000000000000000       -15.190994778690394
1060.000000000000000       -15.207598619278258
1070.000000000000000       -15.224261730375781
1080.000000000000000       -15.240983673358173
1090.000000000000000       -15.257763954825860
1100.000000000000000       -15.274602087134731
1110.000000000000000       -15.291497607659124
1120.000000000000000       -15.308450048130755
1130.000000000000000       -15.325458969780341
1140.000000000000000       -15.342523907851332
1150.000000000000000       -15.359644433047047
1160.000000000000000       -15.376820216417608
1170.000000000000000       -15.394050686090722
1180.000000000000000       -15.411335501711722
1190.000000000000000       -15.428674258636795
1200.000000000000000       -15.446066531751576
1210.000000000000000       -15.463511946397459
1220.000000000000000       -15.481010153839881
1230.000000000000000       -15.498560707118257
1240.000000000000000       -15.516163282679461
1250.000000000000000       -15.533817511678899
1260.000000000000000       -15.551523022808192
1270.000000000000000       -15.569279447120879
1280.000000000000000       -15.587086474318673
1290.000000000000000       -15.604943729933732
1300.000000000000000       -15.622850931151376
1310.000000000000000       -15.640807674635965
1320.000000000000000       -15.658813683477112
1330.000000000000000       -15.676868635880815
1340.000000000000000       -15.694972207991048
1350.000000000000000       -15.713124077498454
1360.000000000000000       -15.731323975800237
1370.000000000000000       -15.749571568464956
1380.000000000000000       -15.767866575939566
1390.000000000000000       -15.786208581547427
1400.000000000000000       -15.804597678621930
1410.000000000000000       -15.823033177971050
1420.000000000000000       -15.841514978170705
1430.000000000000000       -15.860042781160457
1440.000000000000000       -15.878616555645195
1450.000000000000000       -15.897235327895482
1460.000000000000000       -15.915899322311885
1470.000000000000000       -15.934608249745860
1480.000000000000000       -15.953361923768783
1490.000000000000000       -15.972160007799827
