   0.000000000000000       -27.945783096956752
  10.000000000000000       -27.945798965889267
  20.000000000000000       -27.945838004616302
  30.000000000000000       -27.945941465626657
  40.000000000000000       -27.946212659332176
  50.000000000000000       -27.946805336613096
  60.000000000000000       -27.947865120055376
  70.000000000000000       -27.949498002452433
  80.000000000000000       -27.951768558383066
  90.000000000000000       -27.954709114972701
 100.000000000000000       -27.958329796409959
 110.000000000000000       -27.962626433961663
 120.000000000000000       -27.967586142650500
 130.000000000000000       -27.973191015430057
 140.000000000000000       -27.979420505177984
 150.000000000000000       -27.986252953702898
 160.000000000000000       -27.993666528643608
 170.000000000000000       -28.001639789574792
 180.000000000000000       -28.010152028147690
 190.000000000000000       -28.019183448229413
 200.000000000000000       -28.028715232959257
 210.000000000000000       -28.038729592917729
 220.000000000000000       -28.049209745038436
 230.000000000000000       -28.060139874667311
 240.000000000000000       -28.071505084999533
 250.000000000000000       -28.083291357945019
 260.000000000000000       -28.095485495549514
 270.000000000000000       -28.108075054086456
 280.000000000000000       -28.121048304350609
 290.000000000000000       -28.134394177127316
 300.000000000000000       -28.148102226030801
 310.000000000000000       -28.162162556756265
 320.000000000000000       -28.176565827291459
 330.000000000000000       -28.191303168224490
 340.000000000000000       -28.206366183481069
 350.000000000000000       -28.221746899884455
 360.000000000000000       -28.237437734255401
 370.000000000000000       -28.253431482139284
 380.000000000000000       -28.269721281993650
 390.000000000000000       -28.286300604221402
 400.000000000000000       -28.303163210071983
 410.000000000000000       -28.320303148278860
 420.000000000000000       -28.337714739270794
 430.000000000000000       -28.355392545593382
 440.000000000000000       -28.373331366574629
 450.000000000000000       -28.391526220770832
 460.000000000000000       -28.409972342017412
 470.000000000000000       -28.428665147074256
 480.000000000000000       -28.447600241764267
 490.000000000000000       -28.466773417138143
 500.000000000000000       -28.486180608420820
 510.000000000000000       -28.505817924030094
 520.000000000000000       -28.525681607978775
 530.000000000000000       -28.545768051264567
 540.000000000000000       -28.566073767106538
 550.000000000000000       -28.586595412753766
 560.000000000000000       -28.607329742723152
 570.000000000000000       -28.628273645098957
 580.000000000000000       -28.649424094484765
 590.000000000000000       -28.670778188723133
 600.000000000000000       -28.692333109819174
 610.000000000000000       -28.714086137196432
 620.000000000000000       -28.736034643329713
 630.000000000000000       -28.758176081461365
 640.000000000000000       -28.780507987294811
 650.000000000000000       -28.803027970810280
 660.000000000000000       -28.825733718676670
 670.000000000000000       -28.848622995417941
 680.000000000000000       -28.871693619382775
 690.000000000000000       -28.894943492856175
 700.000000000000000       -28.918370562798682
 710.000000000000000       -28.941972843520727
 720.000000000000000       -28.965748419498329
 730.000000000000000       -28.989695406300061
 740.000000000000000       -29.013811994556431
 750.000000000000000       -29.038096418410824
 760.000000000000000       -29.062546957982576
 770.000000000000000       -29.087161942010574
 780.000000000000000       -29.111939754654330
 790.000000000000000       -29.136878814640465
 800.000000000000000       -29.161977590293496
 810.000000000000000       -29.187234588690359
 820.000000000000000       -29.212648353589106
 830.000000000000000       -29.238217465593390
 840.000000000000000       -29.263940559099318
 850.000000000000000       -29.289816284319123
 860.000000000000000       -29.315843339760860
 870.000000000000000       -29.342020452333841
 880.000000000000000       -29.368346385804024
 890.000000000000000       -29.394819930488108
 900.000000000000000       -29.421439915761407
 910.000000000000000       -29.448205192492509
 920.000000000000000       -29.475114646910853
 930.000000000000000       -29.502167190243171
 940.000000000000000       -29.529361756225054
 950.000000000000000       -29.556697319366187
 960.000000000000000       -29.584172874209276
 970.000000000000000       -29.611787438069769
 980.000000000000000       -29.639540046611639
 990.000000000000000       -29.667429776505060
1000.000000000000000       -29.695455712136255
1010.000000000000000       -29.723616978898391
1020.000000000000000       -29.751912700916431
1030.000000000000000       -29.780342044623026
1040.000000000000000       -29.808904183008860
1050.000000000000000       -29.837598322428779
1060.000000000000000       -29.866423679513630
1070.000000000000000       -29.895379502145396
1080.000000000000000       -29.924465045551575
1090.000000000000000       -29.953679585177895
1100.000000000000000       -29.983022425745542
1110.000000000000000       -30.012492885174279
1120.000000000000000       -30.042090297847267
1130.000000000000000       -30.071814006074330
1140.000000000000000       -30.101663397437065
1150.000000000000000       -30.131637841366253
1160.000000000000000       -30.161736747001928
1170.000000000000000       -30.191959536169900
1180.000000000000000       -30.222305642811822
1190.000000000000000       -30.252774518260424
1200.000000000000000       -30.283365630926607
1210.000000000000000       -30.314078460574230
1220.000000000000000       -30.344912503261682
1230.000000000000000       -30.375867273776016
1240.000000000000000       -30.406942297134783
1250.000000000000000       -30.438137110468649
1260.000000000000000       -30.469451269468067
1270.000000000000000       -30.500884348218126
1280.000000000000000       -30.532435925293576
1290.000000000000000       -30.564105599256230
1300.000000000000000       -30.595892974468018
1310.000000000000000       -30.627797679530985
1320.000000000000000       -30.659819348143255
1330.000000000000000       -30.691957631247078
1340.000000000000000       -30.724212184066069
1350.000000000000000       -30.756582685543506
1360.000000000000000       -30.789068815282718
1370.000000000000000       -30.821670284345821
1380.000000000000000       -30.854386797433236
1390.000000000000000       -30.887218076699025
1400.000000000000000       -30.920163865018690
1410.000000000000000       -30.953223904088244
1420.000000000000000       -30.986397957899765
1430.000000000000000       -31.019685789964278
1440.000000000000000       -31.053087198062943
1450.000000000000000       -31.086601960370992
1460.000000000000000       -31.120229902251552
1470.000000000000000       -31.153970829668221
1480.000000000000000       -31.187824569815170
1490.000000000000000       -31.221790976743900
