   0.000000000000000       -31.120366144429461
  10.000000000000000       -31.120388599854344
  20.000000000000000       -31.120445360553287
  30.000000000000000       -31.120593124634947
  40.000000000000000       -31.120956102978738
  50.000000000000000       -31.121690743435238
  60.000000000000000       -31.122932958131649
  70.000000000000000       -31.124777183667788
  80.000000000000000       -31.127278889674553
  90.000000000000000       -31.130464389646090
 100.000000000000000       -31.134340251320101
 110.000000000000000       -31.138899472519984
 120.000000000000000       -31.144128334131011
 130.000000000000000       -31.150008115907664
 140.000000000000000       -31.156518022823004
 150.000000000000000       -31.163636429422858
 160.000000000000000       -31.171341507980202
 170.000000000000000       -31.179611523425674
 180.000000000000000       -31.188426617174425
 190.000000000000000       -31.197766822491555
 200.000000000000000       -31.207613394460740
 210.000000000000000       -31.217948668037018
 220.000000000000000       -31.228756259930719
 230.000000000000000       -31.240020066700740
 240.000000000000000       -31.251725376649510
 250.000000000000000       -31.263858108315606
 260.000000000000000       -31.276405551966892
 270.000000000000000       -31.289355184537150
 280.000000000000000       -31.302695434833080
 290.000000000000000       -31.316415092443549
 300.000000000000000       -31.330503825962488
 310.000000000000000       -31.344951821212899
 320.000000000000000       -31.359749764004693
 330.000000000000000       -31.374888928141285
 340.000000000000000       -31.390360824150079
 350.000000000000000       -31.406157636987757
 360.000000000000000       -31.422271712848879
 370.000000000000000       -31.438695867993914
 380.000000000000000       -31.455423096354330
 390.000000000000000       -31.472447147176922
 400.000000000000000       -31.489761674824560
 410.000000000000000       -31.507361043375997
 420.000000000000000       -31.525238995025994
 430.000000000000000       -31.543389753168530
 440.000000000000000       -31.561809525180255
 450.000000000000000       -31.580491203239784
 460.000000000000000       -31.599432659326062
 470.000000000000000       -31.618626036989937
 480.000000000000000       -31.638070293692444
 490.000000000000000       -31.657757791435507
 500.000000000000000       -31.677687634597511
 510.000000000000000       -31.697852460262283
 520.000000000000000       -31.718252179658595
 530.000000000000000       -31.738880210544281
 540.000000000000000       -31.759733608681209
 550.000000000000000       -31.780808010753955
 560.000000000000000       -31.802103793078928
 570.000000000000000       -31.823612100767402
 580.000000000000000       -31.845334598170400
 590.000000000000000       -31.867266016808994
 600.000000000000000       -31.889405773611781
 610.000000000000000       -31.911747443316436
 620.000000000000000       -31.934287580722565
 630.000000000000000       -31.957027165220673
 640.000000000000000       -31.979965177634273
 650.000000000000000       -32.003090550772328
 660.000000000000000       -32.026411394979185
 670.000000000000000       -32.049914683003941
 680.000000000000000       -32.073606092371833
 690.000000000000000       -32.097483972011148
 700.000000000000000       -32.121535255447938
 710.000000000000000       -32.145773263201150
 720.000000000000000       -32.170179824818696
 730.000000000000000       -32.194765579040933
 740.000000000000000       -32.219520600612164
 750.000000000000000       -32.244451383595127
 760.000000000000000       -32.269543966347449
 770.000000000000000       -32.294806045120616
 780.000000000000000       -32.320231212404444
 790.000000000000000       -32.345821307484044
 800.000000000000000       -32.371573049268470
 810.000000000000000       -32.397478972574341
 820.000000000000000       -32.423541184863765
 830.000000000000000       -32.449761632395017
 840.000000000000000       -32.476136567912810
 850.000000000000000       -32.502665099738770
 860.000000000000000       -32.529344451857057
 870.000000000000000       -32.556165827500244
 880.000000000000000       -32.583146272025445
 890.000000000000000       -32.610260371557047
 900.000000000000000       -32.637528935561562
 910.000000000000000       -32.664930042680737
 920.000000000000000       -32.692483922237102
 930.000000000000000       -32.720172512420476
 940.000000000000000       -32.747993040671645
 950.000000000000000       -32.775959747914833
 960.000000000000000       -32.804054683524122
 970.000000000000000       -32.832293672043889
 980.000000000000000       -32.860659570335244
 990.000000000000000       -32.889164227179485
1000.000000000000000       -32.917792894217150
1010.000000000000000       -32.946550566362063
1020.000000000000000       -32.975441995083074
1030.000000000000000       -33.004452625928018
1040.000000000000000       -33.033589030537627
1050.000000000000000       -33.062861032666000
1060.000000000000000       -33.092239372416024
1070.000000000000000       -33.121757442766530
1080.000000000000000       -33.151378609321192
1090.000000000000000       -33.181136725976735
1100.000000000000000       -33.211007671124612
1110.000000000000000       -33.240997419369350
1120.000000000000000       -33.271100506033385
1130.000000000000000       -33.301315266007975
1140.000000000000000       -33.331659953260782
1150.000000000000000       -33.362105338723921
1160.000000000000000       -33.392666005849222
1170.000000000000000       -33.423337629295304
1180.000000000000000       -33.454130143169472
1190.000000000000000       -33.485017228028994
1200.000000000000000       -33.516014687826718
1210.000000000000000       -33.547138759383763
1220.000000000000000       -33.578343621268679
1230.000000000000000       -33.609674775151085
1240.000000000000000       -33.641103235024801
1250.000000000000000       -33.672640522627688
1260.000000000000000       -33.704280407818338
1270.000000000000000       -33.736018051473621
1280.000000000000000       -33.767858037253070
1290.000000000000000       -33.799813696174887
1300.000000000000000       -33.831853444155186
1310.000000000000000       -33.863996007494251
1320.000000000000000       -33.896230872783811
1330.000000000000000       -33.928573507845243
1340.000000000000000       -33.961015253523456
1350.000000000000000       -33.993545544215088
1360.000000000000000       -34.026175553169381
1370.000000000000000       -34.058911456861154
1380.000000000000000       -34.091726415087010
1390.000000000000000       -34.124641288999655
1400.000000000000000       -34.157641145828514
1410.000000000000000       -34.190735941795985
1420.000000000000000       -34.223927587179723
1430.000000000000000       -34.257203065694355
1440.000000000000000       -34.290579413387533
1450.000000000000000       -34.324035485747167
1460.000000000000000       -34.357589745463436
1470.000000000000000       -34.391226248274712
1480.000000000000000       -34.424942696537656
1490.000000000000000       -34.458757554949770
