   0.000000000000000       -24.851934925440059
  10.000000000000000       -24.851959400119814
  20.000000000000000       -24.852007322630481
  30.000000000000000       -24.852095694927133
  40.000000000000000       -24.852285323114042
  50.000000000000000       -24.852683026147329
  60.000000000000000       -24.853409565185402
  70.000000000000000       -24.854568468207479
  80.000000000000000       -24.856234541661582
  90.000000000000000       -24.858455147046826
 100.000000000000000       -24.861255956207167
 110.000000000000000       -24.864647022127897
 120.000000000000000       -24.868627742096976
 130.000000000000000       -24.873190501621192
 140.000000000000000       -24.878323292405369
 150.000000000000000       -24.884011478685387
 160.000000000000000       -24.890238998270149
 170.000000000000000       -24.896989171072914
 180.000000000000000       -24.904245205286571
 190.000000000000000       -24.911990543288464
 200.000000000000000       -24.920209088011930
 210.000000000000000       -24.928885310756272
 220.000000000000000       -24.938004321312409
 230.000000000000000       -24.947551911057356
 240.000000000000000       -24.957514546455670
 250.000000000000000       -24.967879375711693
 260.000000000000000       -24.978634182780905
 270.000000000000000       -24.989767389311037
 280.000000000000000       -25.001268003130424
 290.000000000000000       -25.013125608617820
 300.000000000000000       -25.025330299279631
 310.000000000000000       -25.037872704246134
 320.000000000000000       -25.050743894361617
 330.000000000000000       -25.063935389027812
 340.000000000000000       -25.077439140359509
 350.000000000000000       -25.091247468630613
 360.000000000000000       -25.105353076546471
 370.000000000000000       -25.119748998906296
 380.000000000000000       -25.134428598770199
 390.000000000000000       -25.149385535996128
 400.000000000000000       -25.164613768594755
 410.000000000000000       -25.180107509484035
 420.000000000000000       -25.195861228082411
 430.000000000000000       -25.211869631219539
 440.000000000000000       -25.228127648053079
 450.000000000000000       -25.244630422435179
 460.000000000000000       -25.261373290391113
 470.000000000000000       -25.278351783244158
 480.000000000000000       -25.295561601339610
 490.000000000000000       -25.312998622713462
 500.000000000000000       -25.330658877141563
 510.000000000000000       -25.348538545627836
 520.000000000000000       -25.366633950631037
 530.000000000000000       -25.384941561717369
 540.000000000000000       -25.403457963511809
 550.000000000000000       -25.422179864794526
 560.000000000000000       -25.441104099247067
 570.000000000000000       -25.460227593060338
 580.000000000000000       -25.479547402543098
 590.000000000000000       -25.499060654734667
 600.000000000000000       -25.518764599270060
 610.000000000000000       -25.538656554352336
 620.000000000000000       -25.558733942773724
 630.000000000000000       -25.578994267333211
 640.000000000000000       -25.599435095592259
 650.000000000000000       -25.620054083247453
 660.000000000000000       -25.640848960357278
 670.000000000000000       -25.661817515020854
 680.000000000000000       -25.682957613628822
 690.000000000000000       -25.704267187876891
 700.000000000000000       -25.725744212219514
 710.000000000000000       -25.747386737649073
 720.000000000000000       -25.769192863824809
 730.000000000000000       -25.791160750880753
 740.000000000000000       -25.813288603841510
 750.000000000000000       -25.835574685677408
 760.000000000000000       -25.858017293027782
 770.000000000000000       -25.880614790282007
 780.000000000000000       -25.903365571877288
 790.000000000000000       -25.926268072476880
 800.000000000000000       -25.949320783055573
 810.000000000000000       -25.972522227036642
 820.000000000000000       -25.995870966293637
 830.000000000000000       -26.019365592219767
 840.000000000000000       -26.043004743664742
 850.000000000000000       -26.066787097556858
 860.000000000000000       -26.090711365398896
 870.000000000000000       -26.114776269518568
 880.000000000000000       -26.138980590545625
 890.000000000000000       -26.163323124172837
 900.000000000000000       -26.187802709388592
 910.000000000000000       -26.212418194972614
 920.000000000000000       -26.237168481453562
 930.000000000000000       -26.262052477556047
 940.000000000000000       -26.287069126721512
 950.000000000000000       -26.312217398006961
 960.000000000000000       -26.337496287836590
 970.000000000000000       -26.362904807505995
 980.000000000000000       -26.388442010424157
 990.000000000000000       -26.414106954214354
1000.000000000000000       -26.439898719475330
1010.000000000000000       -26.465816430883425
1020.000000000000000       -26.491859204313499
1030.000000000000000       -26.518026206310715
1040.000000000000000       -26.544316596321838
1050.000000000000000       -26.570729575651011
1060.000000000000000       -26.597264350772402
1070.000000000000000       -26.623920149545349
1080.000000000000000       -26.650696226909240
1090.000000000000000       -26.677591848324997
1100.000000000000000       -26.704606290925685
1110.000000000000000       -26.731738864733014
1120.000000000000000       -26.758988882541225
1130.000000000000000       -26.786355678716195
1140.000000000000000       -26.813838608444698
1150.000000000000000       -26.841437032930294
1160.000000000000000       -26.869150335831854
1170.000000000000000       -26.896977913080526
1180.000000000000000       -26.924919176228070
1190.000000000000000       -26.952973551984620
1200.000000000000000       -26.981140481604299
1210.000000000000000       -27.009419406123705
1220.000000000000000       -27.037809810682813
1230.000000000000000       -27.066311161805235
1240.000000000000000       -27.094922957008038
1250.000000000000000       -27.123644713464401
1260.000000000000000       -27.152475928367341
1270.000000000000000       -27.181416150093920
1280.000000000000000       -27.210464914041289
1290.000000000000000       -27.239621780143647
1300.000000000000000       -27.268886303835497
1310.000000000000000       -27.298258074298410
1320.000000000000000       -27.327736670599382
1330.000000000000000       -27.357321705529056
1340.000000000000000       -27.387012778172952
1350.000000000000000       -27.416809513540262
1360.000000000000000       -27.446711545500129
1370.000000000000000       -27.476718520387529
1380.000000000000000       -27.506830082460848
1390.000000000000000       -27.537045896566362
1400.000000000000000       -27.567365635923604
1410.000000000000000       -27.597788980606854
1420.000000000000000       -27.628315624939322
1430.000000000000000       -27.658945273813710
1440.000000000000000       -27.689677623288098
1450.000000000000000       -27.720512408402808
1460.000000000000000       -27.751449348294052
1470.000000000000000       -27.782488182840773
1480.000000000000000       -27.813628658441811
1490.000000000000000       -27.844870525717763
