   0.000000000000000       -25.681918731360522
  10.000000000000000       -25.681928057158164
  20.000000000000000       -25.681951934506579
  30.000000000000000       -25.682011498857975
  40.000000000000000       -25.682157852286792
  50.000000000000000       -25.682482381014648
  60.000000000000000       -25.683094739413143
  70.000000000000000       -25.684094645456739
  80.000000000000000       -25.685558322785432
  90.000000000000000       -25.687537214001409
 100.000000000000000       -25.690061966169143
 110.000000000000000       -25.693147562886814
 120.000000000000000       -25.696797841300295
 130.000000000000000       -25.701009056819537
 140.000000000000000       -25.705772462779191
 150.000000000000000       -25.711076166026423
 160.000000000000000       -25.716906379365405
 170.000000000000000       -25.723248309235657
 180.000000000000000       -25.730086759594457
 190.000000000000000       -25.737406494407072
 200.000000000000000       -25.745192532337889
 210.000000000000000       -25.753430286975554
 220.000000000000000       -25.762105680424877
 230.000000000000000       -25.771205198703324
 240.000000000000000       -25.780715918858156
 250.000000000000000       -25.790625515245441
 260.000000000000000       -25.800922245843275
 270.000000000000000       -25.811594941190709
 280.000000000000000       -25.822632992548108
 290.000000000000000       -25.834026314602006
 300.000000000000000       -25.845765318469535
 310.000000000000000       -25.857840896128618
 320.000000000000000       -25.870244382219607
 330.000000000000000       -25.882967545983451
 340.000000000000000       -25.896002535309247
 350.000000000000000       -25.909341885182847
 360.000000000000000       -25.922978482019094
 370.000000000000000       -25.936905543465187
 380.000000000000000       -25.951116588589034
 390.000000000000000       -25.965605429881329
 400.000000000000000       -25.980366165665195
 410.000000000000000       -25.995393146775285
 420.000000000000000       -26.010680951713418
 430.000000000000000       -26.026224421412184
 440.000000000000000       -26.042018579798647
 450.000000000000000       -26.058058667926858
 460.000000000000000       -26.074340121782846
 470.000000000000000       -26.090858556469893
 480.000000000000000       -26.107609752300238
 490.000000000000000       -26.124589661900909
 500.000000000000000       -26.141794381150611
 510.000000000000000       -26.159220157778030
 520.000000000000000       -26.176863379097743
 530.000000000000000       -26.194720554196238
 540.000000000000000       -26.212788319764940
 550.000000000000000       -26.231063433558298
 560.000000000000000       -26.249542772007803
 570.000000000000000       -26.268223293854010
 580.000000000000000       -26.287102084773419
 590.000000000000000       -26.306176319698089
 600.000000000000000       -26.325443248717157
 610.000000000000000       -26.344900239496159
 620.000000000000000       -26.364544715240246
 630.000000000000000       -26.384374197785395
 640.000000000000000       -26.404386279035922
 650.000000000000000       -26.424578620773978
 660.000000000000000       -26.444948952324690
 670.000000000000000       -26.465495085141175
 680.000000000000000       -26.486214884809655
 690.000000000000000       -26.507106267436534
 700.000000000000000       -26.528167229616351
 710.000000000000000       -26.549395804152113
 720.000000000000000       -26.570790098868631
 730.000000000000000       -26.592348253296588
 740.000000000000000       -26.614068459825766
 750.000000000000000       -26.635948978745983
 760.000000000000000       -26.657988100354981
 770.000000000000000       -26.680184156275498
 780.000000000000000       -26.702535531472591
 790.000000000000000       -26.725040641394877
 800.000000000000000       -26.747697954307075
 810.000000000000000       -26.770505963798719
 820.000000000000000       -26.793463212143102
 830.000000000000000       -26.816568269815750
 840.000000000000000       -26.839819743173059
 850.000000000000000       -26.863216272313664
 860.000000000000000       -26.886756537653245
 870.000000000000000       -26.910439230758033
 880.000000000000000       -26.934263089452667
 890.000000000000000       -26.958226885785134
 900.000000000000000       -26.982329403282485
 910.000000000000000       -27.006569460460486
 920.000000000000000       -27.030945906565783
 930.000000000000000       -27.055457612510985
 940.000000000000000       -27.080103470789108
 950.000000000000000       -27.104882403956644
 960.000000000000000       -27.129793357964857
 970.000000000000000       -27.154835298045082
 980.000000000000000       -27.180007206507941
 990.000000000000000       -27.205308103202370
1000.000000000000000       -27.230737012982257
1010.000000000000000       -27.256292987915067
1020.000000000000000       -27.281975107345705
1030.000000000000000       -27.307782445341026
1040.000000000000000       -27.333714126647866
1050.000000000000000       -27.359769265546252
1060.000000000000000       -27.385947022485464
1070.000000000000000       -27.412246537783428
1080.000000000000000       -27.438667011322210
1090.000000000000000       -27.465207623519355
1100.000000000000000       -27.491867598863468
1110.000000000000000       -27.518646150004024
1120.000000000000000       -27.545542527412117
1130.000000000000000       -27.572555982843998
1140.000000000000000       -27.599685792619827
1150.000000000000000       -27.626931249428747
1160.000000000000000       -27.654291631016058
1170.000000000000000       -27.681766266882342
1180.000000000000000       -27.709354479778415
1190.000000000000000       -27.737055600877447
1200.000000000000000       -27.764868994645525
1210.000000000000000       -27.792794013277209
1220.000000000000000       -27.820830041534666
1230.000000000000000       -27.848976457672769
1240.000000000000000       -27.877232667280897
1250.000000000000000       -27.905598072739526
1260.000000000000000       -27.934072106826584
1270.000000000000000       -27.962654195571467
1280.000000000000000       -27.991343785936301
1290.000000000000000       -28.020140321768782
1300.000000000000000       -28.049043277451513
1310.000000000000000       -28.078052120499073
1320.000000000000000       -28.107166336055531
1330.000000000000000       -28.136385409547309
1340.000000000000000       -28.165708860446461
1350.000000000000000       -28.195136184989092
1360.000000000000000       -28.224666913688583
1370.000000000000000       -28.254300574200858
1380.000000000000000       -28.284036701071123
1390.000000000000000       -28.313874847770741
1400.000000000000000       -28.343814567808852
1410.000000000000000       -28.373855418705020
1420.000000000000000       -28.403996980122482
1430.000000000000000       -28.434238840621934
1440.000000000000000       -28.464580574991256
1450.000000000000000       -28.495021784770337
1460.000000000000000       -28.525562076439275
1470.000000000000000       -28.556201056750076
1480.000000000000000       -28.586938354224717
1490.000000000000000       -28.617773585133541
